1.403637130538319111e+09 1.000000000000000000e+00 0.000000000000000000e+00 0.000000000000000000e+00 0.000000000000000000e+00 0.000000000000000000e+00 1.000000000000000000e+00 0.000000000000000000e+00 0.000000000000000000e+00 0.000000000000000000e+00 0.000000000000000000e+00 1.000000000000000000e+00 0.000000000000000000e+00
1.403637130588319063e+09 9.999999010993417814e-01 -4.021572146919185861e-04 -1.899233564214332652e-04 -2.964443506814916948e-04 4.020348490335452990e-04 9.999997118874491830e-01 -6.438889647260997995e-04 2.712647805109510198e-03 1.901822462947556707e-04 6.438125452371306267e-04 9.999997746680344690e-01 1.954283799495815273e-03
1.403637130638319016e+09 9.999989089681206034e-01 -4.685665646203863196e-04 -1.400895407582704874e-03 3.931597594886575980e-03 4.689796423770336295e-04 9.999998466483017712e-01 2.945529967130739541e-04 1.046332699375672904e-03 1.400757175067246811e-03 -2.952096667736201483e-04 9.999989753647696711e-01 -7.367408074735439828e-03
1.403637130688318968e+09 9.999999979685165741e-01 -6.373893609534077396e-05 -5.611451195298101035e-07 -5.339204104557384190e-04 6.373852748148408839e-05 9.999997527418490462e-01 -7.003239541737450984e-04 2.656256006154408215e-03 6.057828845432220764e-07 7.003239169844849635e-04 9.999997547729920777e-01 1.075009711025088667e-03
1.403637130738319159e+09 9.999999201363597434e-01 -2.921940157673187806e-04 -2.726718382100128926e-04 1.374859858196073861e-03 2.920949614778670621e-04 9.999998913678699308e-01 -3.632420429280567827e-04 2.668745440694475957e-04 2.727779457403090176e-04 3.631623678481468438e-04 9.999998968526381260e-01 1.387597617034082428e-03
1.403637130788318872e+09 9.999999782339813459e-01 1.618335574427385963e-04 1.316887863494813830e-04 9.302460302591841800e-04 -1.617857938848077024e-04 9.999999211623722406e-01 -3.626301229855698237e-04 1.529029233968492475e-03 -1.317474616902885231e-04 3.626088097177105197e-04 9.999999255787259678e-01 2.369446948038656572e-03
1.403637130838319063e+09 9.999998372790777079e-01 5.696522473277273362e-04 -3.062899421748204967e-05 6.067217121536446021e-04 -5.696552649326336315e-04 9.999998328851603668e-01 -9.860289236714656882e-05 4.904263712635041758e-04 3.057281973969263439e-05 9.862032429020856561e-05 9.999999946696671582e-01 3.169321169004641562e-03
1.403637130888319016e+09 9.999999300109820854e-01 3.031726027217645776e-04 2.192359547753272380e-04 -1.343400642197787806e-03 -3.032211049658911791e-04 9.999999295563061219e-01 2.212336869059617045e-04 -5.897648173387916998e-04 -2.191688673388677460e-04 -2.213001483904884401e-04 9.999999514956248170e-01 1.785225790995399481e-03
1.403637130938319206e+09 9.999998783304470118e-01 -4.481435337822602225e-04 -2.061709587148239048e-04 -9.557955948088084960e-04 4.481099765922399937e-04 9.999998863498397172e-01 -1.627813150091474007e-04 8.688063434452461629e-04 2.062438846772033177e-04 1.626889079401338818e-04 9.999999654978890540e-01 -1.105858247903780765e-03
1.403637130988318920e+09 9.999999294006610695e-01 3.255641280448346385e-04 -1.876344091792038656e-04 3.090992505755557097e-04 -3.256286128644150400e-04 9.999998879028030307e-01 -3.437446549592460660e-04 9.913327114503072378e-04 1.875224772170506506e-04 3.438057298234873218e-04 9.999999233164673651e-01 2.372510081440746491e-03
1.403637131038319111e+09 9.999999911338616210e-01 3.253577014607352772e-05 1.291266830848815698e-04 5.795206217254786438e-04 -3.250224361260894182e-05 9.999999657668330322e-01 -2.596342369414446696e-04 1.315092642814623056e-03 -1.291351260643214466e-04 2.596300377325811174e-04 9.999999579581805298e-01 1.811497132486014584e-03
1.403637131088319063e+09 9.999964513224507412e-01 2.646284007777730766e-03 3.074466711281158737e-04 1.431085092801284795e-03 -2.646236876356890862e-03 9.999964869117347055e-01 -1.536052830408764799e-04 8.275856796890980124e-04 -3.078520742448445451e-04 1.527911612266047068e-04 9.999999409409789930e-01 9.534962681147591743e-05
1.403637131138319016e+09 9.999998207252990268e-01 -5.874016612954816811e-04 -1.162267531686575901e-04 -9.318733419885179628e-04 5.873252698350469713e-04 9.999996122197150061e-01 -6.562083869156150285e-04 1.486043481959219105e-03 1.166121659948443764e-04 6.561400063648858754e-04 9.999997779409227627e-01 4.934396575973795315e-03
1.403637131188318968e+09 9.999998940346328524e-01 1.028883004077388084e-06 -4.603581913741237007e-04 6.478887643861634162e-04 -9.221054517670656310e-07 9.999999731004127757e-01 2.319446560216868302e-04 -6.726000187259978348e-04 4.603584176345928828e-04 -2.319442069447881700e-04 9.999998671359973113e-01 9.166166366225713714e-04
1.403637131238319159e+09 9.999999063324204185e-01 3.167837812997755876e-04 -2.949291209681486736e-04 -2.880281982427066617e-04 -3.167108580724674587e-04 9.999999192757212940e-01 2.472706678338308347e-04 -1.649579413120758281e-03 2.950074284973690057e-04 -2.471772374176134639e-04 9.999999259370124793e-01 1.503875602530184387e-03
1.403637131288318872e+09 9.999998170135737663e-01 -5.543465199455717808e-04 -2.422245958078346050e-04 -1.227536598095883358e-03 5.543208448999312329e-04 9.999998407407658663e-01 -1.060511379657084699e-04 -5.995319619994883597e-04 2.422833463105985359e-04 1.059168484171859866e-04 9.999999650402000562e-01 1.098042328504332489e-03
1.403637131338319063e+09 9.999999883305598081e-01 -1.210300541005312499e-04 -9.322342069403047283e-05 -1.313979577978973768e-03 1.210158767631588933e-04 9.999999811149715701e-01 -1.520697674289332648e-04 -8.460219531223074478e-05 9.324182394568249904e-05 1.520584841403740581e-04 9.999999840920896776e-01 2.247371247575867103e-03
1.403637131388319016e+09 9.999999776924725081e-01 -2.112204205280314516e-04 9.942513658801784326e-07 -5.932549405899572486e-04 2.112201936588564753e-04 9.999999528500651547e-01 2.229033359317819478e-04 -7.561371151886202941e-04 -1.041333055353903321e-06 -2.229031209533936125e-04 9.999999751565568085e-01 9.788544833830166957e-04
1.403637131438319206e+09 9.999995894792356177e-01 -3.456035280235223036e-04 -8.376154019668135631e-04 9.359153708579877112e-04 3.453433913591678005e-04 9.999998921039308097e-01 -3.106928849615480520e-04 1.814737500666734060e-03 8.377226881485786477e-04 3.104034924720975555e-04 9.999996009351052040e-01 -1.559215540630049922e-03
1.403637131488318920e+09 9.999996571790087385e-01 -1.598329991455835132e-04 -8.124624775271745017e-04 -6.520485487011632700e-05 1.596702205803959026e-04 9.999999671700211534e-01 -2.004130168232480698e-04 2.621973103281522105e-04 8.124944834675952533e-04 2.002832220544589336e-04 9.999996498696113179e-01 -9.374562311401701863e-04
1.403637131538319111e+09 9.999999800144898643e-01 1.807305255864162530e-04 8.548389847608657511e-05 -2.136360513551325072e-03 -1.807343800098005040e-04 9.999999826512632195e-01 4.508389100780985976e-05 -1.039363995410964988e-03 -8.547574895773159861e-05 -4.509933998617719455e-05 9.999999953299729682e-01 3.607321433752306780e-03
1.403637131588319063e+09 9.999996036282942091e-01 -8.883720498185940315e-04 5.948407892094814074e-05 -7.670353915043600767e-04 8.884057422855448681e-04 9.999994436000347875e-01 -5.688012463616804772e-04 1.441283190265759111e-03 -5.897873869483900470e-05 5.688538669022480355e-04 9.999998364633798653e-01 4.954745942418497390e-03
1.403637131638319016e+09 9.999995698777019992e-01 -8.808522234457139737e-04 -2.904199915003852521e-04 -7.786972354234606352e-04 8.808252106042542074e-04 9.999996077370025827e-01 -9.312781172659938007e-05 -3.090600146629308618e-04 2.905019094193928486e-04 9.287196242007398662e-05 9.999999534917185517e-01 2.163576293633314232e-03
1.403637131688318968e+09 9.999995745661923729e-01 -5.615259360210246879e-04 -7.318169563075243135e-04 6.153147942002258185e-04 5.614804202547579118e-04 9.999998404230056037e-01 -6.239952764848151771e-05 -3.772901579565072095e-04 7.318518784795440425e-04 6.198860020943577215e-05 9.999997302750843753e-01 7.810187160510569310e-05
1.403637131738319159e+09 9.999999936007593071e-01 1.085960232830578565e-04 3.170780638943565370e-05 -2.037381458061349269e-03 -1.086008595300668285e-04 9.999999824651044644e-01 1.525635739807272421e-04 -2.317388933970512561e-03 -3.169123803601042299e-05 -1.525670164994639229e-04 9.999999878594854064e-01 3.744911484446489941e-03
1.403637131788318872e+09 9.999997329564519477e-01 -4.109335003299783933e-04 -6.043349096574001777e-04 7.156956044313065712e-04 4.109407985193369085e-04 9.999999154923980837e-01 1.195227540040233432e-05 9.021844531309981038e-04 6.043299469961389706e-04 -1.220061807897202818e-05 9.999998173182133021e-01 -1.962992434152323676e-03
1.403637131838319063e+09 9.999995722786805263e-01 -8.308611561920661295e-04 -4.063399995189725532e-04 -1.064789722926565629e-03 8.308261883095131688e-04 9.999996511471801464e-01 -8.621695233240773287e-05 -6.642487196827905624e-04 4.064114920828161407e-04 8.587931754262107236e-05 9.999999137272171934e-01 2.295904402466704582e-03
1.403637131888319016e+09 9.999998535208762807e-01 -5.068397827743149073e-04 1.899254077895680859e-04 -2.613389422870243846e-03 5.068840077625868861e-04 9.999998444180283608e-01 -2.328787706406596869e-04 4.258372902079205565e-04 -1.898073460150744018e-04 2.329750066806577475e-04 9.999999548479078237e-01 2.060650391704322432e-03
1.403637131938319206e+09 9.999997565609558547e-01 -6.916629998238185782e-04 -9.208867317604264966e-05 9.266979513445207199e-05 6.916132766996337935e-04 9.999996156344039822e-01 -5.388897101787273186e-04 2.671949313345704270e-03 9.246136785384130845e-05 5.388258892429291210e-04 9.999998505587670561e-01 8.328119114973121231e-04
1.403637131988318920e+09 9.999999545723323724e-01 -6.272172138200795980e-05 -2.948242167840752371e-04 -3.799626819403068684e-04 6.275966155431565523e-05 9.999999897513481839e-01 1.286799453232030232e-04 -1.397266918220813926e-03 2.948161427348465024e-04 -1.286984425456366178e-04 9.999999482600751000e-01 2.377682115858482850e-03
1.403637132038319111e+09 9.999996449558317124e-01 8.292840411756224927e-04 1.495867292640542829e-04 -1.174286136395243704e-03 -8.292477763420445487e-04 9.999996268113954256e-01 -2.423328191560708794e-04 1.135020186639901788e-04 -1.497876361795707687e-04 2.422086886546041492e-04 9.999999594493067523e-01 2.939719567771600494e-03
1.403637132088319063e+09 9.999997994653603284e-01 5.451816938888262229e-04 3.222517025914944390e-04 -2.692040814648011086e-03 -5.450096046177428611e-04 9.999997089746514023e-01 -5.338680953802032525e-04 6.787920303556669839e-04 -3.225426639206329781e-04 5.336923580481402890e-04 9.999998055693295473e-01 7.165227946799298392e-03
1.403637132138319016e+09 9.999988799337541368e-01 1.456921071850973215e-03 3.428005653343245310e-04 2.334336047242463203e-03 -1.456768443079856654e-03 9.999988398685513147e-01 -4.450699437294205422e-04 1.578753978841999006e-03 -3.434485994200749863e-04 4.445700641757505773e-04 9.999998422002464027e-01 4.106668822802727269e-04
1.403637132188318968e+09 9.999998798446816384e-01 4.853495536027627438e-04 -6.889436112571557520e-05 1.492653654388455568e-03 -4.853710190060979771e-04 9.999998335679814998e-01 -3.118957891580241061e-04 1.400138307573874346e-03 6.874297117744954978e-05 3.119291910083496684e-04 9.999999489872904990e-01 3.609893163117479896e-05
1.403637132238319159e+09 9.999995623093921315e-01 8.997984622091719170e-04 2.564054437684877455e-04 -1.127424911558150928e-03 -8.996528483030521777e-04 9.999994343093686622e-01 -5.674554565735253188e-04 4.846857692867853140e-04 -2.569158942695274369e-04 5.672245323157949206e-04 9.999998061252578507e-01 5.047253247688129364e-03
1.403637132288318872e+09 9.999988514834052822e-01 1.515335423645831122e-03 -2.811448545314761623e-05 1.153082069260322022e-03 -1.515343050211243742e-03 9.999988145316329735e-01 -2.732595264971335227e-04 1.315221676494185204e-03 2.770037228396466495e-05 2.733018157441743489e-04 9.999999622694026868e-01 2.138157847981051168e-03
1.403637132338319063e+09 9.999997782503640131e-01 6.416577440117161813e-04 1.782542070331581999e-04 -6.198610673674162042e-04 -6.415827699813892197e-04 9.999997058424509033e-01 -4.203410054125399022e-04 7.172018747909572221e-04 -1.785238696595861641e-04 4.202265473741657940e-04 9.999998957694330448e-01 5.123511219579290378e-03
1.403637132388319016e+09 9.999999178682991152e-01 -3.560842611260918878e-04 -1.935649606207089199e-04 -2.278614940405758297e-04 3.559880833544144699e-04 9.999998132889685865e-01 -4.966835134637270907e-04 8.871618235258428142e-04 1.937417856619007045e-04 4.966145658509294120e-04 9.999998579190366721e-01 3.667399481532688729e-03
1.403637132438319206e+09 9.999999823998090287e-01 1.876174475621224030e-04 2.740109784904650617e-07 -2.023414646592201944e-03 -1.876173694047859246e-04 9.999999481369710175e-01 -2.617742884142474995e-04 -6.027052934290431452e-04 -3.231243881090977179e-07 2.617742323977510451e-04 9.999999657370728379e-01 5.678746108857687762e-03
1.403637132488318920e+09 9.999996166616108573e-01 8.496028552642113148e-04 2.117820095533800185e-04 -1.020309436718273149e-03 -8.495555936148028141e-04 9.999996142291798229e-01 -2.231519324540154954e-04 -4.136318038916758942e-05 -2.119715183730311390e-04 2.229719263204701213e-04 9.999999526757966661e-01 3.291811410510553891e-03
1.403637132538319111e+09 9.999994585169971195e-01 1.039922719016085368e-03 3.906982212811101944e-05 8.702025054052663989e-04 -1.039940739725534130e-03 9.999993515716446568e-01 4.640900215266627327e-04 -1.373872270260542185e-03 -3.858717903707627672e-05 -4.641304005295291291e-04 9.999998915469945349e-01 -3.479011445658158549e-03
1.403637132588319063e+09 9.999958684919388885e-01 2.784326884287922129e-03 7.145088203357046223e-04 -5.487627287570477110e-04 -2.784304754656067703e-03 9.999961233051328779e-01 -3.196464900354191528e-05 -1.196227296668674013e-03 -7.145950504345956796e-04 2.997510663563248372e-05 9.999997442276706838e-01 2.914116916128112840e-04
1.403637132638319016e+09 9.999965551802488806e-01 2.605531621227467377e-03 3.175415032409664370e-04 2.621494252943047838e-03 -2.605508967144441659e-03 9.999966030827917018e-01 -7.173492707001617415e-05 1.523066967281301338e-04 -3.177273321995971109e-04 7.090732272198770070e-05 9.999999470107455712e-01 -2.899185849782360234e-03
1.403637132688318968e+09 9.999998583114612094e-01 5.303384825134410847e-04 4.602337920593310288e-05 1.285310313340057038e-03 -5.303247587082797823e-04 9.999998150670450503e-01 -2.976936781952181079e-04 8.439392625924368747e-04 -4.618124910824148479e-05 2.976692286779635270e-04 9.999999546301602260e-01 -2.561928379821660010e-04
1.403637132738319159e+09 9.999999948077341605e-01 3.518992830333411622e-05 -9.563577065430232439e-05 7.159756069719754902e-04 -3.521244045672412718e-05 9.999999716727060450e-01 -2.354032098980910371e-04 1.492351948631917211e-03 9.562748412312105178e-05 2.354065762446946907e-04 9.999999677195635650e-01 -2.452145170204908086e-03
1.403637132788318872e+09 9.999999253626750129e-01 -7.269679152220233787e-05 -3.794599068390901078e-04 2.113504498876849977e-03 7.240235980818135290e-05 9.999996963846424780e-01 -7.758791924279502452e-04 2.289310465192792403e-03 3.795161955571331393e-04 7.758516607256950044e-04 9.999996270107593954e-01 6.622753688226545301e-04
1.403637132838319063e+09 9.999999090635444121e-01 1.563539575388974077e-06 -4.264627278022615564e-04 2.529350415425251578e-03 -1.834479677543464008e-06 9.999997981826193039e-01 -6.353198842936144284e-04 1.532664420859875583e-03 4.264616483868887168e-04 6.353206088570834392e-04 9.999997072490504069e-01 5.309673526290213880e-06
1.403637132888319016e+09 9.999998562890817233e-01 -2.997770045547594963e-04 -4.444722302892811436e-04 6.506869364610618801e-03 2.992829570333418966e-04 9.999993378456899507e-01 -1.111187604879452107e-03 1.399206881157439935e-04 4.448050444717673003e-04 1.111054422226260673e-03 9.999992838530151751e-01 -2.179191812407732260e-03
1.403637132938319206e+09 9.999988174615901393e-01 1.122233025464323616e-03 1.051507707016710938e-03 6.778794425698112490e-04 -1.120872177080166473e-03 9.999985347531749058e-01 -1.293884487106268869e-03 -5.102001347984749411e-04 -1.052958206200948132e-03 1.292704351305384511e-03 9.999986100962721114e-01 1.682500981719251215e-03
1.403637132988318920e+09 9.999962533722541735e-01 -2.612975127903680288e-03 8.158446147492674728e-04 3.967304177105157852e-04 2.613431713760327145e-03 9.999964286932513380e-01 -5.590844486052158569e-04 -1.249503142350114667e-03 -8.143808273592857564e-04 5.612145081135946944e-04 9.999995109109524050e-01 5.305251591792913913e-04
1.403637133038319111e+09 9.999941835575940630e-01 -3.312772917468089634e-03 8.114102403052039433e-04 1.940351226608067912e-03 3.312556075706047688e-03 9.999944774411524406e-01 2.684388974502768745e-04 -1.556079331954300345e-03 -8.122950363538706392e-04 -2.657494941694772228e-04 9.999996347769234406e-01 1.005296544034810615e-03
1.403637133088319063e+09 9.999985031655493906e-01 -1.349989250438125322e-03 1.082217946805064373e-03 -5.145364150831990488e-04 1.350893238185635857e-03 9.999987389179768593e-01 -8.350149189590588307e-04 -3.852067507720329572e-03 -1.081089320874916403e-03 8.364756299865434451e-04 9.999990657767640068e-01 2.844085162788342804e-03
1.403637133138319016e+09 9.999899990622046486e-01 -3.986392705065954466e-03 -2.027424171943203925e-03 -8.032824227135885228e-04 3.979716689251480005e-03 9.999866809586758221e-01 -3.286298879413897169e-03 -3.038390836526184448e-03 2.040497646476437978e-03 3.278197439529952854e-03 9.999925448676616480e-01 -1.484732406128000479e-03
1.403637133188318968e+09 9.999949363311786410e-01 -2.826087784416545737e-03 -1.463058384591777632e-03 3.016923058607940897e-03 2.819685588646074319e-03 9.999865214419295656e-01 -4.359622420630798918e-03 -1.092261178735978245e-03 1.475359340341993609e-03 4.355474980304293274e-03 9.999894265203571608e-01 5.387103020766689874e-04
1.403637133238319159e+09 9.999874981624078396e-01 3.757039014508919018e-03 3.299723735679541223e-03 1.706361482734305426e-03 -3.744133091731834118e-03 9.999853515798260428e-01 -3.908720143860954475e-03 -4.891145935052336295e-03 -3.314360614017085576e-03 3.896316672844192617e-03 9.999869167794672720e-01 -1.070294779585052175e-03
1.403637133288318872e+09 9.999434158215134705e-01 8.337756920053276607e-03 6.606584953358295501e-03 -2.811136015310945107e-04 -8.316448016294764739e-03 9.999601481965623151e-01 -3.246338106444526892e-03 -3.294815558001647042e-03 -6.633388847045180135e-03 3.191211094739844663e-03 9.999729067950554606e-01 5.215694535836946314e-04
1.403637133338319063e+09 9.999029458175714424e-01 1.023042227990450699e-02 9.457135153822460172e-03 4.596306184889252652e-04 -1.022114186435910468e-02 9.999472331861137819e-01 -1.029127020584072114e-03 -5.697385405315130540e-03 -9.467164534932135181e-03 9.323644194648373013e-04 9.999547507223803811e-01 -2.450066698931953422e-03
1.403637133388319016e+09 9.997982563672371814e-01 1.069949802282815429e-02 1.699903841668089916e-02 -1.067518349505676726e-03 -1.074206886471197782e-02 9.999393860914512766e-01 2.414974028298944204e-03 -1.208443783191191605e-02 -1.697216902867992872e-02 -2.597091663971318187e-03 9.998525894317376039e-01 2.983894945818999899e-04
1.403637133438319206e+09 9.997094563025554770e-01 1.031857239982325244e-02 2.178371049381678387e-02 6.525528243841907227e-04 -1.049148344742271803e-02 9.999142410694841221e-01 7.838321345158272280e-03 -1.598427878122435364e-02 -2.170096205980907161e-02 -8.064587408362218837e-03 9.997319794202902399e-01 -1.500645620131902096e-03
1.403637133488318920e+09 9.997395751281212828e-01 8.426665945952867970e-03 2.120785759285409577e-02 2.290656261293261622e-03 -8.789715384085216784e-03 9.998154213078874752e-01 1.708403402005359561e-02 -2.213687981552306394e-02 -2.105998162654081074e-02 -1.726599594483014741e-02 9.996291125001927069e-01 -7.021455350428351498e-03
1.403637133538319111e+09 9.996729161506812122e-01 4.754520249932872936e-03 2.512877338801283375e-02 8.936489511429463383e-04 -5.419110938961716958e-03 9.996355596103333463e-01 2.644581628853467578e-02 -2.583609476838395064e-02 -2.499387827897761594e-02 -2.657334189989431217e-02 9.993343602362759759e-01 6.577731875496196663e-04
1.403637133588319063e+09 9.995931608733331641e-01 8.734429237153726821e-05 2.852201090795169688e-02 3.096325391950918368e-03 -1.073062061168328710e-03 9.994025181805045177e-01 3.454642083167399486e-02 -2.156395351129469437e-02 -2.850195209229723289e-02 -3.456297188380692831e-02 9.989960158586657091e-01 7.934178245867510443e-03
1.403637133638319016e+09 9.994230257083018820e-01 -2.644793014678211113e-04 3.396388868728018873e-02 4.867268520129340754e-03 -1.149380303006578355e-03 9.991335989761476188e-01 4.160204708772854282e-02 -3.209165306458074129e-02 -3.394546521970091824e-02 -4.161708120074757850e-02 9.985568205882670023e-01 5.277064463117659386e-03
1.403637133688318968e+09 9.992330462076760567e-01 2.028538855609272537e-03 3.910504311006043898e-02 7.483412732871647099e-03 -3.783600426382010672e-03 9.989861596251611298e-01 4.485908208139860465e-02 -3.880198007265552723e-02 -3.897439844746655724e-02 -4.497263509606101023e-02 9.982276585820364367e-01 9.530309766961847159e-03
1.403637133738319159e+09 9.990274397360889846e-01 3.675470380920962000e-03 4.393933968363639836e-02 6.592667116717645069e-03 -5.683926206875956205e-03 9.989402929484457738e-01 4.567257499800330550e-02 -4.629810115302421952e-02 -4.372490865890745620e-02 -4.587790363075039402e-02 9.979896544159251315e-01 1.425888321088753614e-03
1.403637133788318872e+09 9.987719218681099242e-01 2.493544062243669736e-03 4.948161603961433869e-02 5.447194096485722010e-03 -4.706099284447292155e-03 9.989916645009012663e-01 4.464870532550286458e-02 -5.206334830797848534e-02 -4.932038845555754975e-02 -4.482673862471273085e-02 9.977765595497143369e-01 5.178891356621134236e-03
1.403637133838319063e+09 9.982174329573575422e-01 1.573474031939734764e-03 5.966138382148226948e-02 5.021743987695286189e-03 -4.366289829520587397e-03 9.988989638099750046e-01 4.670969505876469696e-02 -6.767526046905429638e-02 -5.952219798653305555e-02 -4.688693078917592627e-02 9.971252296818203797e-01 4.978274247386054764e-03
1.403637133888319016e+09 9.975644880505468715e-01 -2.891737102835515566e-05 6.975020676841080236e-02 6.685065532937958972e-03 -3.619962399161498999e-03 9.986307917758182606e-01 5.218656521970947010e-02 -8.822978532940092822e-02 -6.965621330993426730e-02 -5.231195734235133399e-02 9.961985098695606000e-01 3.479074798350829424e-03
1.403637133938319206e+09 9.971048509606653676e-01 -4.890705567310641572e-03 7.588146802588316420e-02 8.004582015096161837e-03 5.739436154582440918e-04 9.983850683957948835e-01 5.680603658987583293e-02 -1.098226287421745773e-01 -7.603674624440164009e-02 -5.659802296350919387e-02 9.954974018133782021e-01 -1.792338344829118855e-04
1.403637133988318920e+09 9.964644226322875165e-01 -3.574958783145086149e-03 8.393970513291545976e-02 6.916816897379687162e-03 -1.460387264600204651e-03 9.982063286706309713e-01 5.984975080096497507e-02 -1.423973665558257162e-01 -8.400310528271781596e-02 -5.976073185294025758e-02 9.946718721423972731e-01 -1.260168582354315170e-02
1.403637134038319111e+09 9.959734143676118867e-01 -2.897920817109652519e-03 8.960223171249140361e-02 4.659579128354973850e-03 -2.250402330707091357e-03 9.983542865987039550e-01 5.730317721856940244e-02 -1.611599706855235403e-01 -8.962083218912435256e-02 -5.727408213957326660e-02 9.943278060844915611e-01 -1.531936299562324313e-02
1.403637134088319063e+09 9.950952537164995393e-01 4.313278814526651239e-03 9.882728194564235902e-02 -2.268935595189148537e-03 -9.854260374450512366e-03 9.984018187592781368e-01 5.564801749063486708e-02 -1.917944537450533837e-01 -9.842931262265254555e-02 -5.634894785205510348e-02 9.935474153217844773e-01 -1.404364516444291458e-02
1.403637134138319016e+09 9.938707550162994009e-01 1.326315328065488797e-02 1.097497657782688790e-01 -3.548503119814455826e-03 -1.919712712566692264e-02 9.983998948778249893e-01 5.318947469254656224e-02 -2.278968812697803326e-01 -1.088686944601248013e-01 -5.497034357725919668e-02 9.925350717700337499e-01 -1.561039420026652177e-02
1.403637134188318968e+09 9.923586525137657599e-01 2.236594598749207241e-02 1.213427758094719894e-01 -3.458296912171274304e-03 -2.826435479064818082e-02 9.984898442580604216e-01 4.710793098600987716e-02 -2.520218824640336197e-01 -1.201059158798248316e-01 -5.017763818274922905e-02 9.914921954292275075e-01 -2.548966700218549888e-02
1.403637134238319159e+09 9.907226042351440221e-01 3.027505906472181124e-02 1.324844981730382842e-01 -1.008311445287065830e-02 -3.520469849038117272e-02 9.987661471817129710e-01 3.502588254417255548e-02 -2.844380919880850622e-01 -1.312606211387693234e-01 -3.936501038262817803e-02 9.905660226839199112e-01 -2.469925681335192677e-02
1.403637134288318872e+09 9.900838803525618959e-01 3.406196900236203862e-02 1.362853335238096153e-01 -1.321856474022672055e-02 -3.704508886408504342e-02 9.991250338292849698e-01 1.941206240156115315e-02 -3.024445659031911871e-01 -1.355048753996177802e-01 -2.426827235944473485e-02 9.904794191196614195e-01 -4.451579844774981171e-02
1.403637134338319063e+09 9.899669589398429892e-01 3.530595476762374979e-02 1.368170667911929039e-01 -1.228117950659252285e-02 -3.594675640734090044e-02 9.993512517823739394e-01 2.215008982705587125e-03 -3.224571343504073484e-01 -1.366501039560180375e-01 -7.110915478943387324e-03 9.905938541954825149e-01 -5.776125050908766795e-02
1.403637134388319016e+09 9.896030795804696689e-01 3.916219484129524614e-02 1.383909945771872041e-01 -9.326229564931808047e-03 -3.756884879979892344e-02 9.991944506395412651e-01 -1.410784926922166622e-02 -3.458440967868899318e-01 -1.388320081418852048e-01 8.761980732554700002e-03 9.902771840292665662e-01 -7.737423504632207072e-02
1.403637134438319206e+09 9.892168283469624512e-01 3.607656191633826920e-02 1.419455818103289857e-01 -1.315528954728298512e-02 -3.251659319499886763e-02 9.990977188065870429e-01 -2.732067792835492920e-02 -3.648533251456318460e-01 -1.428031431102521065e-01 2.241048762902222644e-02 9.894973634942451080e-01 -6.196225157624449947e-02
1.403637134488318920e+09 9.893436996908842040e-01 2.727444958193794150e-02 1.430214958737180686e-01 -1.481880285808328396e-02 -2.257040520043471568e-02 9.991528845921218149e-01 -3.441060912466382959e-02 -3.710445364750445396e-01 -1.438388705845600468e-01 3.081586622576969192e-02 9.891212067778719641e-01 -7.214270343598611079e-02
1.403637134538319111e+09 9.892527462638728286e-01 1.909789669085882116e-02 1.449630102866622805e-01 -1.519130322342750715e-02 -1.399509767823497140e-02 9.992487621639196682e-01 -3.613929377908355750e-02 -3.556210236701597971e-01 -1.455442930875763818e-01 3.372212413030248324e-02 9.887768591010704933e-01 -5.624123099427100897e-02
1.403637134588319063e+09 9.889177022516068005e-01 1.757739630581772738e-02 1.474205321945036007e-01 -1.373925630145568511e-02 -1.353958510713817835e-02 9.995063928012140053e-01 -2.834872809548787814e-02 -3.612170883167308832e-01 -1.478460611870637820e-01 2.603854620775835488e-02 9.886675560080129266e-01 -5.301730393074977760e-02
1.403637134638319016e+09 9.884959528429130282e-01 1.926135644908445049e-02 1.500158370337036640e-01 -9.043970178100834562e-03 -1.690085755911051313e-02 9.997127384006522233e-01 -1.699416644722127889e-02 -3.384721773131028622e-01 -1.503000739419248777e-01 1.426326846169969839e-02 9.885375293562917998e-01 -6.283082961464800387e-02
1.403637134688318968e+09 9.882848163905351146e-01 2.273876868228083548e-02 1.509174280550128477e-01 8.575955582645835998e-04 -2.277219619752204188e-02 9.997395441176649689e-01 -1.506986312145902531e-03 -3.173160095003098591e-01 -1.509123877362883170e-01 -1.947389590492006311e-03 9.885452234984067887e-01 -6.381150821870493206e-02
1.403637134738319159e+09 9.888818012481198627e-01 2.038804288728280831e-02 1.472993919454530232e-01 3.510874868400695303e-03 -2.301694092318690849e-02 9.996043824825207036e-01 1.616474411418406323e-02 -2.746515690103897844e-01 -1.469115502294233988e-01 -1.937540267877912656e-02 9.889598526635056119e-01 -2.300807233463264545e-02
1.403637134788318872e+09 9.898297086624623375e-01 1.859000344130442434e-02 1.410374404944916560e-01 1.024405074727966283e-02 -2.449866294303661152e-02 9.988882848759150779e-01 4.027418343872810058e-02 -2.416871130535042933e-01 -1.401319498301100142e-01 -4.331981197679793394e-02 9.891847302334920711e-01 -5.306561027116398974e-03
1.403637134838319063e+09 9.906185784105290271e-01 1.174773625888400792e-02 1.361500011042756364e-01 1.375654760951925369e-02 -2.104034756552841667e-02 9.975300239097635302e-01 6.701608144996555605e-02 -2.084648090132569520e-01 -1.350264266068843255e-01 -6.925201868089014834e-02 9.884189506613060283e-01 8.326267482645395915e-03
1.403637134888319016e+09 9.915028024073379020e-01 3.609207850589494365e-03 1.300352507479669018e-01 1.759535888561304315e-02 -1.579834313857567119e-02 9.955568036761653916e-01 9.282813694227023960e-02 -1.744890981976368605e-01 -1.291224425592669700e-01 -9.409369943194019481e-02 9.871543803046920473e-01 2.561790100643755036e-02
1.403637134938319206e+09 9.917324952707488039e-01 -5.579681073538561055e-03 1.282011114740110869e-01 1.861523372760657755e-02 -9.228913897676258027e-03 9.933657600376809560e-01 1.146267592363572063e-01 -1.493511605809229592e-01 -1.279901752960886374e-01 -1.148622389816519318e-01 9.851016095224890412e-01 2.749272037508055169e-02
1.403637134988318920e+09 9.923251489117378421e-01 -1.506039241775455027e-02 1.227354203867836308e-01 2.339445154459628140e-02 -7.619073064983722908e-04 9.917920530464005013e-01 1.278590748099723284e-01 -1.241104851764864708e-01 -1.236536224077304097e-01 -1.269712884640816497e-01 9.841687221057258128e-01 2.619663076654152670e-02
1.403637135038319111e+09 9.924780090101807950e-01 -2.181653013131355442e-02 1.204634411106410147e-01 1.774047901970552885e-02 5.555268893864563455e-03 9.910053253735914280e-01 1.337070830909833641e-01 -9.777914543754134824e-02 -1.222969362604977434e-01 -1.320321328094481717e-01 9.836721889364790083e-01 4.722333361510026167e-02
1.403637135088319063e+09 9.926209023135678100e-01 -2.385832896706875997e-02 1.188887060620042041e-01 2.192536240356808899e-02 7.095772453389600359e-03 9.902011976906347490e-01 1.394676955618115999e-01 -8.492801814001230132e-02 -1.210512052954790946e-01 -1.375949426066654935e-01 9.830636995971218095e-01 3.887579945188091718e-02
1.403637135138319016e+09 9.927803047943986048e-01 -2.193917284988148100e-02 1.179234459596736756e-01 2.679339612061727369e-02 4.537520743938956193e-03 9.892957658816547983e-01 1.458536887230774126e-01 -7.344725777483862572e-02 -1.198610750737676978e-01 -1.442655894636453440e-01 9.822529014357084254e-01 3.563516414949740446e-02
1.403637135188318968e+09 9.927994195821728818e-01 -1.884816702133933902e-02 1.182964880173387467e-01 2.638271946340919188e-02 2.931174122288695487e-04 9.879229473794621796e-01 1.549456812023458363e-01 -6.444320250629460844e-02 -1.197882571852655481e-01 -1.537953076040099454e-01 9.808148534761821358e-01 3.793221958955784318e-02
1.403637135238319159e+09 9.927901298424465226e-01 -1.583127239473942557e-02 1.188155246665253267e-01 2.925366317619650103e-02 -4.619447773418296904e-03 9.854500278781633815e-01 1.699026287530467361e-01 -6.706293879159269666e-02 -1.197765368913577544e-01 -1.692265149711785766e-01 9.782719293943901162e-01 3.699128623665737248e-02
1.403637135288318872e+09 9.926640477379959915e-01 -1.634424323599644249e-02 1.197954675330422103e-01 3.052462003395293999e-02 -5.818579542263719977e-03 9.832147756697613428e-01 1.823591210682133090e-01 -7.484599871780303615e-02 -1.207651955677956773e-01 -1.817183827181595712e-01 9.759068587328242339e-01 3.381911292046168444e-02
1.403637135338319063e+09 9.922769056332056969e-01 -1.582862046357154731e-02 1.230284411069672568e-01 3.058684749339909970e-02 -7.332052962244890899e-03 9.826062400040171951e-01 1.855565091947101175e-01 -9.374401197007056763e-02 -1.238256174882610555e-01 -1.850254898098851464e-01 9.749014230035070172e-01 2.754043877367481560e-02
1.403637135388319016e+09 9.918413015097238272e-01 -1.290604029007924591e-02 1.268237625349759035e-01 2.864090132095702471e-02 -9.716472299386751804e-03 9.843142621929539260e-01 1.761562471489331871e-01 -1.163172192456321946e-01 -1.271079178712024860e-01 -1.759513210168415498e-01 9.761581377250696523e-01 3.791821034307193278e-02
1.403637135438319206e+09 9.912204429599632549e-01 -6.089349997837609392e-03 1.320793446185214715e-01 2.381528649549126062e-02 -1.493432606083597985e-02 9.873900159969828394e-01 1.576005146393456569e-01 -1.466469438614204923e-01 -1.313735108892312153e-01 -1.581893679299648803e-01 9.786302286924082328e-01 2.365371163223829731e-02
1.403637135488318920e+09 9.904119581649337700e-01 4.036149341933884145e-03 1.380864317099656513e-01 2.235079742065814237e-02 -2.259754883611726772e-02 9.908426382298365365e-01 1.331173056080109940e-01 -1.795465297210734890e-01 -1.362846429738167331e-01 -1.349613861970412054e-01 9.814336046443856709e-01 1.949719348613856637e-02
1.403637135538319111e+09 9.897538126000846592e-01 1.320991748735609456e-02 1.421720384730191244e-01 2.510178190012446117e-02 -2.880036954430337595e-02 9.937154305497265527e-01 1.081673786383084007e-01 -2.130473449385765772e-01 -1.398496662767128307e-01 -1.111536826531125677e-01 9.839140865314121021e-01 2.602947595955789478e-03
1.403637135588319063e+09 9.883482853300635806e-01 2.272189329859500978e-02 1.505037622455013546e-01 2.057554850449004602e-02 -3.590078936613134986e-02 9.956966920139966870e-01 8.543553613849939887e-02 -2.505663475339102719e-01 -1.479148410674595016e-01 -8.984326951592662425e-02 9.849108521661626980e-01 -7.301677764007273586e-03
1.403637135638319016e+09 9.871012468451417776e-01 2.815859627043357585e-02 1.576014655161718514e-01 2.426127228099853733e-02 -3.868462747226945886e-02 9.971918283938434602e-01 6.412454274203610582e-02 -2.910917177403982148e-01 -1.553532364455215142e-01 -6.939417007661526082e-02 9.854186019582132916e-01 -3.224571178829024887e-02
1.403637135688318968e+09 9.860842189527821988e-01 2.995417093808188519e-02 1.635257190037509023e-01 1.439562731452076298e-02 -3.740886820701824766e-02 9.983873742607595192e-01 4.269926809883325264e-02 -3.304819486831244157e-01 -1.619829920446942129e-01 -4.822238650376264868e-02 9.856145857931132293e-01 -2.616028649798467567e-02
1.403637135738319159e+09 9.861901327572986098e-01 2.520909691380649950e-02 1.636872734360615422e-01 1.226383592982256687e-02 -2.942590129855665940e-02 9.992933187052516208e-01 2.338759337366634605e-02 -3.596519276071256099e-01 -1.629820185937984611e-01 -2.788125936600913471e-02 9.862350110350250887e-01 -3.531599848264712488e-02
1.403637135788318872e+09 9.865339833425001981e-01 1.817247126926713197e-02 1.625437202673397086e-01 7.872005065917758726e-03 -1.956435315466040215e-02 9.997843293067034676e-01 6.966416466502424812e-03 -3.812693932466597602e-01 -1.623820673474113963e-01 -1.005266933270398781e-02 9.866767495199570970e-01 -4.249942288303875521e-02
1.403637135838319063e+09 9.865852266292507444e-01 1.469920402644812017e-02 1.625838983352868583e-01 5.486816701010069700e-03 -1.448390548405973158e-02 9.998919535414898530e-01 -2.509526830270835361e-03 -4.105287143864930210e-01 -1.626032197677489410e-01 1.210122798566663912e-04 9.866915314713049501e-01 -4.427462647391948447e-02
1.403637135888319016e+09 9.867083694623978163e-01 9.753612432181044470e-03 1.622080783357569000e-01 4.719158619120631705e-03 -8.476276169413184472e-03 9.999273952083230776e-01 -8.564873273894107672e-03 -4.176123960889675524e-01 -1.622798397064653397e-01 7.076111673852441240e-03 9.867194040194117166e-01 -4.844174215601532163e-02
1.403637135938319206e+09 9.865701125240790015e-01 6.218214044189407895e-03 1.632199341022004258e-01 5.510581235296372303e-03 -4.932585802025363404e-03 9.999535483095638444e-01 -8.280749991299636570e-03 -4.204935351824287126e-01 -1.632638437362408101e-01 7.364444121140218888e-03 9.865549565489268868e-01 -5.640905203341325252e-02
1.403637135988318920e+09 9.868594977646580890e-01 4.681670121885629816e-03 1.615128900012524349e-01 1.111272127789263847e-02 -4.025016422250208940e-03 9.999822520012559002e-01 -4.392598922899235495e-03 -4.118253350084109532e-01 -1.615305881698183010e-01 3.684785932273784530e-03 9.868608267826552982e-01 -4.543298624488719545e-02
1.403637136038319111e+09 9.871200574047116483e-01 5.172948332644548321e-03 1.598975699467209410e-01 1.024410688362463635e-02 -5.782053613688729714e-03 9.999776914510293269e-01 3.344317012237110927e-03 -3.931836074468794684e-01 -1.598767028848392113e-01 -4.225778723229534767e-03 9.871279464531713677e-01 -3.793842929539983921e-02
1.403637136088319063e+09 9.870172467247408932e-01 9.132298171509043577e-03 1.603544692174763697e-01 1.341849522483775509e-02 -1.150774338445507451e-02 9.998372888436158901e-01 1.389128072012486489e-02 -3.720964838246454409e-01 -1.602015184388383140e-01 -1.555625173216333874e-02 9.869617401510233368e-01 -3.844970056945295339e-02
1.403637136138319016e+09 9.868766217756878012e-01 8.767076996632369029e-03 1.612379352185493997e-01 1.628590966403673651e-02 -1.321596855168803361e-02 9.995603779627263430e-01 2.654032747071010181e-02 -3.446939663676834020e-01 -1.609343703745312604e-01 -2.832294419630233123e-02 9.865586344785627348e-01 -2.276045169632655296e-02
1.403637136188318968e+09 9.863523060643867302e-01 1.326782195846126777e-02 1.641130501268709685e-01 1.666498360575542972e-02 -2.038376632937856370e-02 9.989200445947972185e-01 4.175220445626381255e-02 -3.050495065005600082e-01 -1.633818545362231700e-01 -4.452762521409530522e-02 9.855575377425194183e-01 -5.281182029805069587e-03
1.403637136238319159e+09 9.863812050990390379e-01 9.710811997309337293e-03 1.641883624308387302e-01 1.808626181862010504e-02 -2.008272538162985191e-02 9.978970385998175985e-01 6.162941258003539619e-02 -2.682792260398921824e-01 -1.632446090032181885e-01 -6.408744404379923543e-02 9.845019030694248663e-01 1.162435205772507051e-02
1.403637136288318872e+09 9.864994099937860472e-01 7.344926605068738922e-03 1.636000187502381631e-01 1.689612217538617386e-02 -2.164699142344882546e-02 9.960762652537352713e-01 8.581073103338328345e-02 -2.291299003212743934e-01 -1.623278221508107910e-01 -8.819368373833053054e-02 9.827876435448494874e-01 3.337870738669388576e-02
1.403637136338319063e+09 9.865138482844179046e-01 2.733156008931953741e-03 1.636549938171743546e-01 2.290229492308474765e-02 -2.137178656904404478e-02 9.934515001739612217e-01 1.122379772668467279e-01 -1.956742451341311473e-01 -1.622765352166349317e-01 -1.142219184759948464e-01 9.801120749474252491e-01 3.482944241092388732e-02
1.403637136388319016e+09 9.870882378999733531e-01 -4.390532992811065939e-03 1.601172502248418283e-01 2.491883149499513408e-02 -1.791492985073182137e-02 9.903262496664950731e-01 1.375971457187186997e-01 -1.636471588183756598e-01 -1.591724407300740551e-01 -1.386890134132260366e-01 9.774607366388161633e-01 5.083404265980959180e-02
1.403637136438319206e+09 9.877741267504159817e-01 -1.062559370571132707e-02 1.555293261120044290e-01 2.736128008246428364e-02 -1.504902189766792707e-02 9.865154689203659011e-01 1.629747112921330066e-01 -1.414868916555974132e-01 -1.551637891467483599e-01 -1.633227673633769195e-01 9.742945510462386327e-01 6.008157226424092057e-02
1.403637136488318920e+09 9.885936600716178635e-01 -2.177083132507574154e-02 1.490255218733274323e-01 2.428532175443261915e-02 -5.828082730808125875e-03 9.832258118795809132e-01 1.822993041824951532e-01 -1.155835946715434298e-01 -1.504945471367163945e-01 -1.810884694207616774e-01 9.718839218368418020e-01 6.489447948172474834e-02
1.403637136538319111e+09 9.888694729888459767e-01 -3.300357168361825466e-02 1.450790462020145055e-01 1.198646883004213411e-02 3.910162993678135447e-03 9.805155792079367494e-01 1.964024173880940249e-01 -1.004126240745330106e-01 -1.487342462788071584e-01 -1.936490722586826640e-01 9.697309734133620074e-01 9.530521747380699127e-02
